Epoch: 0
Score: 0.5725917800651265
All Scores: {"f_macro": 0.5705534609371509, "p_macro": 0.6389631098270037, "r_macro": 0.5809738271207401, "f-1_macro": 0.5643045731817274, "p-1_macro": 0.6388462442374487, "r-1_macro": 0.5826481548205721, "f-0_macro": 0.5725917800651265, "p-0_macro": 0.6414171755214256, "r-0_macro": 0.5770422888244352}
Epoch: 1
Score: 0.5900464043346476
All Scores: {"f_macro": 0.5860019154468735, "p_macro": 0.640370431729934, "r_macro": 0.5910354108951091, "f-1_macro": 0.5767698563317685, "p-1_macro": 0.634757308422036, "r-1_macro": 0.5909377361164331, "f-0_macro": 0.5900464043346476, "p-0_macro": 0.6477466053615122, "r-0_macro": 0.5884235941664236}
Epoch: 2
Score: 0.6006391965410596
All Scores: {"f_macro": 0.6205105640128313, "p_macro": 0.6667701108253327, "r_macro": 0.6345545648370746, "f-1_macro": 0.6327410850905804, "p-1_macro": 0.6520543222747772, "r-1_macro": 0.6432892413199707, "f-0_macro": 0.6006391965410596, "p-0_macro": 0.6884453264573125, "r-0_macro": 0.6211343860779891}
